life time:148,black_wins:3,white_wins:5,total_win:3,history_black_win:0,history_white_win:0ties:0
[[ 32 -50  45  49  49  45 -50  32]
 [-50  35  51  46  46  51  35 -50]
 [ 45  51  19 -56 -56  19  51  45]
 [ 49  46 -56 -37 -37 -56  46  49]
 [ 49  46 -56 -37 -37 -56  46  49]
 [ 45  51  19 -56 -56  19  51  45]
 [-50  35  51  46  46  51  35 -50]
 [ 32 -50  45  49  49  45 -50  32]]
[[ 54 -51  63  38  38  63 -51  54]
 [-51  63 -13  57  57 -13  63 -51]
 [ 63 -13  13  31  31  13 -13  63]
 [ 38  57  31 -10 -10  31  57  38]
 [ 38  57  31 -10 -10  31  57  38]
 [ 63 -13  13  31  31  13 -13  63]
 [-51  63 -13  57  57 -13  63 -51]
 [ 54 -51  63  38  38  63 -51  54]]
[[ 59 -34  63  14  14  63 -34  59]
 [-34  56 -40 -18 -18 -40  56 -34]
 [ 63 -40  37  24  24  37 -40  63]
 [ 14 -18  24  44  44  24 -18  14]
 [ 14 -18  24  44  44  24 -18  14]
 [ 63 -40  37  24  24  37 -40  63]
 [-34  56 -40 -18 -18 -40  56 -34]
 [ 59 -34  63  14  14  63 -34  59]]
[[ 43  59  46  49  49  46  59  43]
 [ 59  55 -23  45  45 -23  55  59]
 [ 46 -23  59 -32 -32  59 -23  46]
 [ 49  45 -32 -20 -20 -32  45  49]
 [ 49  45 -32 -20 -20 -32  45  49]
 [ 46 -23  59 -32 -32  59 -23  46]
 [ 59  55 -23  45  45 -23  55  59]
 [ 43  59  46  49  49  46  59  43]]
('1', '[212, 198, 205]', '[32, -48, 19]', '[-44, -41, -50]')
life time:144,black_wins:3,white_wins:2,total_win:2,history_black_win:0,history_white_win:0ties:0
[[-24 -50  13  51  51  13 -50 -24]
 [-50  37  51  61  61  51  37 -50]
 [ 13  51  26 -32 -32  26  51  13]
 [ 51  61 -32 -51 -51 -32  61  51]
 [ 51  61 -32 -51 -51 -32  61  51]
 [ 13  51  26 -32 -32  26  51  13]
 [-50  37  51  61  61  51  37 -50]
 [-24 -50  13  51  51  13 -50 -24]]
[[ 52 -35 -24  58  58 -24 -35  52]
 [-35  21 -37 -15 -15 -37  21 -35]
 [-24 -37  41  45  45  41 -37 -24]
 [ 58 -15  45  -2  -2  45 -15  58]
 [ 58 -15  45  -2  -2  45 -15  58]
 [-24 -37  41  45  45  41 -37 -24]
 [-35  21 -37 -15 -15 -37  21 -35]
 [ 52 -35 -24  58  58 -24 -35  52]]
[[ 51  -3  62 -13 -13  62  -3  51]
 [ -3 -33  57  62  62  57 -33  -3]
 [ 62  57 -32  62  62 -32  57  62]
 [-13  62  62 -38 -38  62  62 -13]
 [-13  62  62 -38 -38  62  62 -13]
 [ 62  57 -32  62  62 -32  57  62]
 [ -3 -33  57  62  62  57 -33  -3]
 [ 51  -3  62 -13 -13  62  -3  51]]
[[ 17  59   8  16  16   8  59  17]
 [ 59  31 -22  55  55 -22  31  59]
 [  8 -22 -53  16  16 -53 -22   8]
 [ 16  55  16 -59 -59  16  55  16]
 [ 16  55  16 -59 -59  16  55  16]
 [  8 -22 -53  16  16 -53 -22   8]
 [ 59  31 -22  55  55 -22  31  59]
 [ 17  59   8  16  16   8  59  17]]
('1', '[100, 231, 223]', '[-31, -48, -26]', '[-26, -44, -107]')
life time:131,black_wins:2,white_wins:5,total_win:2,history_black_win:0,history_white_win:0ties:0
[[ -8 -26  26  35  35  26 -26  -8]
 [-26   2  52  62  62  52   2 -26]
 [ 26  52  24 -50 -50  24  52  26]
 [ 35  62 -50 -38 -38 -50  62  35]
 [ 35  62 -50 -38 -38 -50  62  35]
 [ 26  52  24 -50 -50  24  52  26]
 [-26   2  52  62  62  52   2 -26]
 [ -8 -26  26  35  35  26 -26  -8]]
[[ 49 -18  37   3   3  37 -18  49]
 [-18 -27  49  49  49  49 -27 -18]
 [ 37  49  20 -45 -45  20  49  37]
 [  3  49 -45 -14 -14 -45  49   3]
 [  3  49 -45 -14 -14 -45  49   3]
 [ 37  49  20 -45 -45  20  49  37]
 [-18 -27  49  49  49  49 -27 -18]
 [ 49 -18  37   3   3  37 -18  49]]
[[ 17  30  -1  34  34  -1  30  17]
 [ 30  44 -35  -9  -9 -35  44  30]
 [ -1 -35  35  29  29  35 -35  -1]
 [ 34  -9  29  25  25  29  -9  34]
 [ 34  -9  29  25  25  29  -9  34]
 [ -1 -35  35  29  29  35 -35  -1]
 [ 30  44 -35  -9  -9 -35  44  30]
 [ 17  30  -1  34  34  -1  30  17]]
[[ 63  53  10  51  51  10  53  63]
 [ 53 -45 -32 -40 -40 -32 -45  53]
 [ 10 -32 -41   7   7 -41 -32  10]
 [ 51 -40   7   0   0   7 -40  51]
 [ 51 -40   7   0   0   7 -40  51]
 [ 10 -32 -41   7   7 -41 -32  10]
 [ 53 -45 -32 -40 -40 -32 -45  53]
 [ 63  53  10  51  51  10  53  63]]
('1', '[221, 253, 253]', '[-9, -47, -63]', '[-4, -4, -19]')
life time:134,black_wins:1,white_wins:2,total_win:1,history_black_win:0,history_white_win:0ties:0
[[ -8  -2  43  55  55  43  -2  -8]
 [ -2   8  63  43  43  63   8  -2]
 [ 43  63  23 -34 -34  23  63  43]
 [ 55  43 -34 -39 -39 -34  43  55]
 [ 55  43 -34 -39 -39 -34  43  55]
 [ 43  63  23 -34 -34  23  63  43]
 [ -2   8  63  43  43  63   8  -2]
 [ -8  -2  43  55  55  43  -2  -8]]
[[ 51 -42  47  55  55  47 -42  51]
 [-42  51 -14  49  49 -14  51 -42]
 [ 47 -14  15 -49 -49  15 -14  47]
 [ 55  49 -49  -9  -9 -49  49  55]
 [ 55  49 -49  -9  -9 -49  49  55]
 [ 47 -14  15 -49 -49  15 -14  47]
 [-42  51 -14  49  49 -14  51 -42]
 [ 51 -42  47  55  55  47 -42  51]]
[[ -5 -12   6  -8  -8   6 -12  -5]
 [-12 -29  -4  23  23  -4 -29 -12]
 [  6  -4  16  24  24  16  -4   6]
 [ -8  23  24   4   4  24  23  -8]
 [ -8  23  24   4   4  24  23  -8]
 [  6  -4  16  24  24  16  -4   6]
 [-12 -29  -4  23  23  -4 -29 -12]
 [ -5 -12   6  -8  -8   6 -12  -5]]
[[-57  58  60  33  33  60  58 -57]
 [ 58 -23  -7  13  13  -7 -23  58]
 [ 60  -7  10  34  34  10  -7  60]
 [ 33  13  34  52  52  34  13  33]
 [ 33  13  34  52  52  34  13  33]
 [ 60  -7  10  34  34  10  -7  60]
 [ 58 -23  -7  13  13  -7 -23  58]
 [-57  58  60  33  33  60  58 -57]]
('1', '[196, 243, 239]', '[10, -16, -29]', '[-28, -5, -43]')
life time:147,black_wins:1,white_wins:2,total_win:1,history_black_win:0,history_white_win:0ties:0
[[ -8  -2  43  55  55  43  -2  -8]
 [ -2   8  63  43  43  63   8  -2]
 [ 43  63  23 -34 -34  23  63  43]
 [ 55  43 -34 -39 -39 -34  43  55]
 [ 55  43 -34 -39 -39 -34  43  55]
 [ 43  63  23 -34 -34  23  63  43]
 [ -2   8  63  43  43  63   8  -2]
 [ -8  -2  43  55  55  43  -2  -8]]
[[ 51 -42  47  55  55  47 -42  51]
 [-42  51 -14  49  49 -14  51 -42]
 [ 47 -14  15 -49 -49  15 -14  47]
 [ 55  49 -49  -9  -9 -49  49  55]
 [ 55  49 -49  -9  -9 -49  49  55]
 [ 47 -14  15 -49 -49  15 -14  47]
 [-42  51 -14  49  49 -14  51 -42]
 [ 51 -42  47  55  55  47 -42  51]]
[[ -5 -12   6  -8  -8   6 -12  -5]
 [-12 -29  -4  23  23  -4 -29 -12]
 [  6  -4  16  24  24  16  -4   6]
 [ -8  23  24   4   4  24  23  -8]
 [ -8  23  24   4   4  24  23  -8]
 [  6  -4  16  24  24  16  -4   6]
 [-12 -29  -4  23  23  -4 -29 -12]
 [ -5 -12   6  -8  -8   6 -12  -5]]
[[-57  58  60  33  33  60  58 -57]
 [ 58 -23  -7  13  13  -7 -23  58]
 [ 60  -7  10  34  34  10  -7  60]
 [ 33  13  34  52  52  34  13  33]
 [ 33  13  34  52  52  34  13  33]
 [ 60  -7  10  34  34  10  -7  60]
 [ 58 -23  -7  13  13  -7 -23  58]
 [-57  58  60  33  33  60  58 -57]]
('1', '[196, 243, 239]', '[10, -16, -29]', '[-28, -5, -43]')
