life time:0,black_wins:34,white_wins:34,total_win:34,history_black_win:1,history_white_win:3,ties:2
[[32, -50, 45, 49, 49, 45, -50, 32], [-50, 35, 51, 46, 46, 51, 35, -50], [45, 51, 19, -56, -56, 19, 51, 45], [49, 46, -56, -37, -37, -56, 46, 49], [49, 46, -56, -37, -37, -56, 46, 49], [45, 51, 19, -56, -56, 19, 51, 45], [-50, 35, 51, 46, 46, 51, 35, -50], [32, -50, 45, 49, 49, 45, -50, 32]]
[[54, -51, 63, 38, 38, 63, -51, 54], [-51, 63, -13, 57, 57, -13, 63, -51], [63, -13, 13, 31, 31, 13, -13, 63], [38, 57, 31, -10, -10, 31, 57, 38], [38, 57, 31, -10, -10, 31, 57, 38], [63, -13, 13, 31, 31, 13, -13, 63], [-51, 63, -13, 57, 57, -13, 63, -51], [54, -51, 63, 38, 38, 63, -51, 54]]
[[59, -34, 63, 14, 14, 63, -34, 59], [-34, 56, -40, -18, -18, -40, 56, -34], [63, -40, 37, 24, 24, 37, -40, 63], [14, -18, 24, 44, 44, 24, -18, 14], [14, -18, 24, 44, 44, 24, -18, 14], [63, -40, 37, 24, 24, 37, -40, 63], [-34, 56, -40, -18, -18, -40, 56, -34], [59, -34, 63, 14, 14, 63, -34, 59]]
[[43, 59, 46, 49, 49, 46, 59, 43], [59, 55, -23, 45, 45, -23, 55, 59], [46, -23, 59, -32, -32, 59, -23, 46], [49, 45, -32, -20, -20, -32, 45, 49], [49, 45, -32, -20, -20, -32, 45, 49], [46, -23, 59, -32, -32, 59, -23, 46], [59, 55, -23, 45, 45, -23, 55, 59], [43, 59, 46, 49, 49, 46, 59, 43]]
('1', '[212, 198, 205]', '[32, -48, 19]', '[-44, -41, -50]')
life time:6,black_wins:36,white_wins:34,total_win:34,history_black_win:5,history_white_win:3,ties:2
[[41, -18, 13, 55, 55, 13, -18, 41], [-18, 48, 50, 37, 37, 50, 48, -18], [13, 50, 18, -32, -32, 18, 50, 13], [55, 37, -32, -52, -52, -32, 37, 55], [55, 37, -32, -52, -52, -32, 37, 55], [13, 50, 18, -32, -32, 18, 50, 13], [-18, 48, 50, 37, 37, 50, 48, -18], [41, -18, 13, 55, 55, 13, -18, 41]]
[[52, -43, -28, 19, 19, -28, -43, 52], [-43, 17, 34, 53, 53, 34, 17, -43], [-28, 34, 41, -7, -7, 41, 34, -28], [19, 53, -7, -2, -2, -7, 53, 19], [19, 53, -7, -2, -2, -7, 53, 19], [-28, 34, 41, -7, -7, 41, 34, -28], [-43, 17, 34, 53, 53, 34, 17, -43], [52, -43, -28, 19, 19, -28, -43, 52]]
[[59, 62, -10, 54, 54, -10, 62, 59], [62, 31, 57, -1, -1, 57, 31, 62], [-10, 57, -32, 62, 62, -32, 57, -10], [54, -1, 62, -53, -53, 62, -1, 54], [54, -1, 62, -53, -53, 62, -1, 54], [-10, 57, -32, 62, 62, -32, 57, -10], [62, 31, 57, -1, -1, 57, 31, 62], [59, 62, -10, 54, 54, -10, 62, 59]]
[[19, 59, 40, 17, 17, 40, 59, 19], [59, 22, -29, -37, -37, -29, 22, 59], [40, -29, -50, 16, 16, -50, -29, 40], [17, -37, 16, -60, -60, 16, -37, 17], [17, -37, 16, -60, -60, 16, -37, 17], [40, -29, -50, 16, 16, -50, -29, 40], [59, 22, -29, -37, -37, -29, 22, 59], [19, 59, 40, 17, 17, 40, 59, 19]]
('1', '[237, 245, 222]', '[-23, -53, -25]', '[-18, 0, -59]')
life time:1,black_wins:32,white_wins:35,total_win:32,history_black_win:1,history_white_win:4,ties:5
[[48, -24, 59, 51, 51, 59, -24, 48], [-24, 32, 54, 62, 62, 54, 32, -24], [59, 54, 3, -34, -34, 3, 54, 59], [51, 62, -34, -39, -39, -34, 62, 51], [51, 62, -34, -39, -39, -34, 62, 51], [59, 54, 3, -34, -34, 3, 54, 59], [-24, 32, 54, 62, 62, 54, 32, -24], [48, -24, 59, 51, 51, 59, -24, 48]]
[[33, -60, 63, 51, 51, 63, -60, 33], [-60, 35, -14, 49, 49, -14, 35, -60], [63, -14, 31, -51, -51, 31, -14, 63], [51, 49, -51, 55, 55, -51, 49, 51], [51, 49, -51, 55, 55, -51, 49, 51], [63, -14, 31, -51, -51, 31, -14, 63], [-60, 35, -14, 49, 49, -14, 35, -60], [33, -60, 63, 51, 51, 63, -60, 33]]
[[51, -44, -13, -22, -22, -13, -44, 51], [-44, 51, -46, 36, 36, -46, 51, -44], [-13, -46, 19, 24, 24, 19, -46, -13], [-22, 36, 24, 12, 12, 24, 36, -22], [-22, 36, 24, 12, 12, 24, 36, -22], [-13, -46, 19, 24, 24, 19, -46, -13], [-44, 51, -46, 36, 36, -46, 51, -44], [51, -44, -13, -22, -22, -13, -44, 51]]
[[-19, 58, 44, 49, 49, 44, 58, -19], [58, -27, -7, 9, 9, -7, -27, 58], [44, -7, 6, 38, 38, 6, -7, 44], [49, 9, 38, 32, 32, 38, 9, 49], [49, 9, 38, 32, 32, 38, 9, 49], [44, -7, 6, 38, 38, 6, -7, 44], [58, -27, -7, 9, 9, -7, -27, 58], [-19, 58, 44, 49, 49, 44, 58, -19]]
('1', '[230, 241, 233]', '[-37, -40, -29]', '[-44, -53, -53]')
life time:0,black_wins:32,white_wins:37,total_win:32,history_black_win:0,history_white_win:3,ties:4
[[41, -52, 47, 51, 51, 47, -52, 41], [-52, 8, 31, -29, -29, 31, 8, -52], [47, 31, 24, -58, -58, 24, 31, 47], [51, -29, -58, -60, -60, -58, -29, 51], [51, -29, -58, -60, -60, -58, -29, 51], [47, 31, 24, -58, -58, 24, 31, 47], [-52, 8, 31, -29, -29, 31, 8, -52], [41, -52, 47, 51, 51, 47, -52, 41]]
[[39, -1, 7, -46, -46, 7, -1, 39], [-1, 21, 50, 40, 40, 50, 21, -1], [7, 50, 47, -53, -53, 47, 50, 7], [-46, 40, -53, -42, -42, -53, 40, -46], [-46, 40, -53, -42, -42, -53, 40, -46], [7, 50, 47, -53, -53, 47, 50, 7], [-1, 21, 50, 40, 40, 50, 21, -1], [39, -1, 7, -46, -46, 7, -1, 39]]
[[49, 63, -52, -30, -30, -52, 63, 49], [63, -31, 40, 7, 7, 40, -31, 63], [-52, 40, 38, 59, 59, 38, 40, -52], [-30, 7, 59, -46, -46, 59, 7, -30], [-30, 7, 59, -46, -46, 59, 7, -30], [-52, 40, 38, 59, 59, 38, 40, -52], [63, -31, 40, 7, 7, 40, -31, 63], [49, 63, -52, -30, -30, -52, 63, 49]]
[[23, 47, -40, 49, 49, -40, 47, 23], [47, 59, -4, 12, 12, -4, 59, 47], [-40, -4, 19, -49, -49, 19, -4, -40], [49, 12, -49, 5, 5, -49, 12, 49], [49, 12, -49, 5, 5, -49, 12, 49], [-40, -4, 19, -49, -49, 19, -4, -40], [47, 59, -4, 12, 12, -4, 59, 47], [23, 47, -40, 49, 49, -40, 47, 23]]
('1', '[92, 247, 253]', '[-18, -42, -63]', '[-9, -73, -43]')
life time:0,black_wins:34,white_wins:32,total_win:32,history_black_win:4,history_white_win:3,ties:2
[[-32, -36, 43, 53, 53, 43, -36, -32], [-36, 32, 51, 39, 39, 51, 32, -36], [43, 51, 19, -56, -56, 19, 51, 43], [53, 39, -56, -55, -55, -56, 39, 53], [53, 39, -56, -55, -55, -56, 39, 53], [43, 51, 19, -56, -56, 19, 51, 43], [-36, 32, 51, 39, 39, 51, 32, -36], [-32, -36, 43, 53, 53, 43, -36, -32]]
[[-31, 20, -51, 51, 51, -51, 20, -31], [20, 19, 38, 61, 61, 38, 19, 20], [-51, 38, 15, -39, -39, 15, 38, -51], [51, 61, -39, -13, -13, -39, 61, 51], [51, 61, -39, -13, -13, -39, 61, 51], [-51, 38, 15, -39, -39, 15, 38, -51], [20, 19, 38, 61, 61, 38, 19, 20], [-31, 20, -51, 51, 51, -51, 20, -31]]
[[-17, -12, 6, 62, 62, 6, -12, -17], [-12, 63, -8, 23, 23, -8, 63, -12], [6, -8, 16, 58, 58, 16, -8, 6], [62, 23, 58, 2, 2, 58, 23, 62], [62, 23, 58, 2, 2, 58, 23, 62], [6, -8, 16, 58, 58, 16, -8, 6], [-12, 63, -8, 23, 23, -8, 63, -12], [-17, -12, 6, 62, 62, 6, -12, -17]]
[[-45, 59, 28, 1, 1, 28, 59, -45], [59, -19, -7, 31, 31, -7, -19, 59], [28, -7, 10, 36, 36, 10, -7, 28], [1, 31, 36, 12, 12, 36, 31, 1], [1, 31, 36, 12, 12, 36, 31, 1], [28, -7, 10, 36, 36, 10, -7, 28], [59, -19, -7, 31, 31, -7, -19, 59], [-45, 59, 28, 1, 1, 28, 59, -45]]
('1', '[206, 241, 239]', '[-55, -40, -29]', '[-18, 0, -59]')
life time:5,black_wins:33,white_wins:32,total_win:32,history_black_win:1,history_white_win:5,ties:1
[[32, -37, 45, 63, 63, 45, -37, 32], [-37, 11, 56, 62, 62, 56, 11, -37], [45, 56, 63, -8, -8, 63, 56, 45], [63, 62, -8, -55, -55, -8, 62, 63], [63, 62, -8, -55, -55, -8, 62, 63], [45, 56, 63, -8, -8, 63, 56, 45], [-37, 11, 56, 62, 62, 56, 11, -37], [32, -37, 45, 63, 63, 45, -37, 32]]
[[-12, -48, 52, 39, 39, 52, -48, -12], [-48, -41, -38, 57, 57, -38, -41, -48], [52, -38, 47, 15, 15, 47, -38, 52], [39, 57, 15, -42, -42, 15, 57, 39], [39, 57, 15, -42, -42, 15, 57, 39], [52, -38, 47, 15, 15, 47, -38, 52], [-48, -41, -38, 57, 57, -38, -41, -48], [-12, -48, 52, 39, 39, 52, -48, -12]]
[[19, 54, 44, -13, -13, 44, 54, 19], [54, 25, -35, 31, 31, -35, 25, 54], [44, -35, 4, 20, 20, 4, -35, 44], [-13, 31, 20, 8, 8, 20, 31, -13], [-13, 31, 20, 8, 8, 20, 31, -13], [44, -35, 4, 20, 20, 4, -35, 44], [54, 25, -35, 31, 31, -35, 25, 54], [19, 54, 44, -13, -13, 44, 54, 19]]
[[36, -9, 26, 49, 49, 26, -9, 36], [-9, -37, -32, -49, -49, -32, -37, -9], [26, -32, 18, 18, 18, 18, -32, 26], [49, -49, 18, 36, 36, 18, -49, 49], [49, -49, 18, 36, 36, 18, -49, 49], [26, -32, 18, 18, 18, 18, -32, 26], [-9, -37, -32, -49, -49, -32, -37, -9], [36, -9, 26, 49, 49, 26, -9, 36]]
('1', '[124, 229, 245]', '[-21, -32, -53]', '[-24, -45, -42]')
life time:0,black_wins:31,white_wins:32,total_win:31,history_black_win:3,history_white_win:1,ties:8
[[56, 30, 13, 39, 39, 13, 30, 56], [30, 35, 51, 46, 46, 51, 35, 30], [13, 51, 63, -6, -6, 63, 51, 13], [39, 46, -6, -39, -39, -6, 46, 39], [39, 46, -6, -39, -39, -6, 46, 39], [13, 51, 63, -6, -6, 63, 51, 13], [30, 35, 51, 46, 46, 51, 35, 30], [56, 30, 13, 39, 39, 13, 30, 56]]
[[-16, -32, -10, 36, 36, -10, -32, -16], [-32, 37, -5, 57, 57, -5, 37, -32], [-10, -5, 15, 27, 27, 15, -5, -10], [36, 57, 27, -34, -34, 27, 57, 36], [36, 57, 27, -34, -34, 27, 57, 36], [-10, -5, 15, 27, 27, 15, -5, -10], [-32, 37, -5, 57, 57, -5, 37, -32], [-16, -32, -10, 36, 36, -10, -32, -16]]
[[26, 54, 60, -14, -14, 60, 54, 26], [54, 56, 61, -37, -37, 61, 56, 54], [60, 61, 4, 22, 22, 4, 61, 60], [-14, -37, 22, -24, -24, 22, -37, -14], [-14, -37, 22, -24, -24, 22, -37, -14], [60, 61, 4, 22, 22, 4, 61, 60], [54, 56, 61, -37, -37, 61, 56, 54], [26, 54, 60, -14, -14, 60, 54, 26]]
[[54, -10, 9, 29, 29, 9, -10, 54], [-10, -45, 48, 29, 29, 48, -45, -10], [9, 48, 26, 34, 34, 26, 48, 9], [29, 29, 34, -28, -28, 34, 29, 29], [29, 29, 34, -28, -28, 34, 29, 29], [9, 48, 26, 34, 34, 26, 48, 9], [-10, -45, 48, 29, 29, 48, -45, -10], [54, -10, 9, 29, 29, 9, -10, 54]]
('1', '[93, 228, 249]', '[-2, -59, -53]', '[-56, -37, -34]')
life time:2,black_wins:31,white_wins:34,total_win:31,history_black_win:3,history_white_win:1,ties:7
[[-8, -34, 45, 55, 55, 45, -34, -8], [-34, 32, 62, 46, 46, 62, 32, -34], [45, 62, 22, -22, -22, 22, 62, 45], [55, 46, -22, -39, -39, -22, 46, 55], [55, 46, -22, -39, -39, -22, 46, 55], [45, 62, 22, -22, -22, 22, 62, 45], [-34, 32, 62, 46, 46, 62, 32, -34], [-8, -34, 45, 55, 55, 45, -34, -8]]
[[49, -41, -9, 53, 53, -9, -41, 49], [-41, 51, -46, 49, 49, -46, 51, -41], [-9, -46, 47, -53, -53, 47, -46, -9], [53, 49, -53, -10, -10, -53, 49, 53], [53, 49, -53, -10, -10, -53, 49, 53], [-9, -46, 47, -53, -53, 47, -46, -9], [-41, 51, -46, 49, 49, -46, 51, -41], [49, -41, -9, 53, 53, -9, -41, 49]]
[[51, -4, 30, -32, -32, 30, -4, 51], [-4, -15, 56, 23, 23, 56, -15, -4], [30, 56, -8, 57, 57, -8, 56, 30], [-32, 23, 57, 4, 4, 57, 23, -32], [-32, 23, 57, 4, 4, 57, 23, -32], [30, 56, -8, 57, 57, -8, 56, 30], [-4, -15, 56, 23, 23, 56, -15, -4], [51, -4, 30, -32, -32, 30, -4, 51]]
[[15, 63, 60, 1, 1, 60, 63, 15], [63, -13, -8, 9, 9, -8, -13, 63], [60, -8, 27, 38, 38, 27, -8, 60], [1, 9, 38, 20, 20, 38, 9, 1], [1, 9, 38, 20, 20, 38, 9, 1], [60, -8, 27, 38, 38, 27, -8, 60], [63, -13, -8, 9, 9, -8, -13, 63], [15, 63, 60, 1, 1, 60, 63, 15]]
('1', '[192, 243, 205]', '[10, -15, -29]', '[-28, -15, -43]')
life time:1,black_wins:30,white_wins:30,total_win:30,history_black_win:2,history_white_win:1,ties:9
[[40, -26, 15, 51, 51, 15, -26, 40], [-26, 1, 31, 42, 42, 31, 1, -26], [15, 31, 20, -49, -49, 20, 31, 15], [51, 42, -49, -48, -48, -49, 42, 51], [51, 42, -49, -48, -48, -49, 42, 51], [15, 31, 20, -49, -49, 20, 31, 15], [-26, 1, 31, 42, 42, 31, 1, -26], [40, -26, 15, 51, 51, 15, -26, 40]]
[[32, -10, 31, -14, -14, 31, -10, 32], [-10, 17, 38, 44, 44, 38, 17, -10], [31, 38, 63, -57, -57, 63, 38, 31], [-14, 44, -57, -10, -10, -57, 44, -14], [-14, 44, -57, -10, -10, -57, 44, -14], [31, 38, 63, -57, -57, 63, 38, 31], [-10, 17, 38, 44, 44, 38, 17, -10], [32, -10, 31, -14, -14, 31, -10, 32]]
[[-7, 53, -50, 51, 51, -50, 53, -7], [53, -30, -4, 7, 7, -4, -30, 53], [-50, -4, 6, 25, 25, 6, -4, -50], [51, 7, 25, -58, -58, 25, 7, 51], [51, 7, 25, -58, -58, 25, 7, 51], [-50, -4, 6, 25, 25, 6, -4, -50], [53, -30, -4, 7, 7, -4, -30, 53], [-7, 53, -50, 51, 51, -50, 53, -7]]
[[19, 13, -40, 51, 51, -40, 13, 19], [13, 59, -12, 28, 28, -12, 59, 13], [-40, -12, 26, -58, -58, 26, -12, -40], [51, 28, -58, 16, 16, -58, 28, 51], [51, 28, -58, 16, 16, -58, 28, 51], [-40, -12, 26, -58, -58, 26, -12, -40], [13, 59, -12, 28, 28, -12, 59, 13], [19, 13, -40, 51, 51, -40, 13, 19]]
('1', '[12, 247, 253]', '[-34, -57, -61]', '[-29, -68, -47]')
life time:6,black_wins:30,white_wins:31,total_win:30,history_black_win:3,history_white_win:0,ties:7
[[32, -27, 43, 39, 39, 43, -27, 32], [-27, 11, 58, 62, 62, 58, 11, -27], [43, 58, 53, -40, -40, 53, 58, 43], [39, 62, -40, -55, -55, -40, 62, 39], [39, 62, -40, -55, -55, -40, 62, 39], [43, 58, 53, -40, -40, 53, 58, 43], [-27, 11, 58, 62, 62, 58, 11, -27], [32, -27, 43, 39, 39, 43, -27, 32]]
[[-12, -12, 55, 38, 38, 55, -12, -12], [-12, -45, -38, 57, 57, -38, -45, -12], [55, -38, 55, 7, 7, 55, -38, 55], [38, 57, 7, -48, -48, 7, 57, 38], [38, 57, 7, -48, -48, 7, 57, 38], [55, -38, 55, 7, 7, 55, -38, 55], [-12, -45, -38, 57, 57, -38, -45, -12], [-12, -12, 55, 38, 38, 55, -12, -12]]
[[7, -14, 12, -13, -13, 12, -14, 7], [-14, 1, -8, 23, 23, -8, 1, -14], [12, -8, 9, 0, 0, 9, -8, 12], [-13, 23, 0, 22, 22, 0, 23, -13], [-13, 23, 0, 22, 22, 0, 23, -13], [12, -8, 9, 0, 0, 9, -8, 12], [-14, 1, -8, 23, 23, -8, 1, -14], [7, -14, 12, -13, -13, 12, -14, 7]]
[[37, 63, 26, 17, 17, 26, 63, 37], [63, -40, -31, -17, -17, -31, -40, 63], [26, -31, -2, 38, 38, -2, -31, 26], [17, -17, 38, 20, 20, 38, -17, 17], [17, -17, 38, 20, 20, 38, -17, 17], [26, -31, -2, 38, 38, -2, -31, 26], [63, -40, -31, -17, -17, -31, -40, 63], [37, 63, 26, 17, 17, 26, 63, 37]]
('1', '[221, 221, 255]', '[-54, -28, -63]', '[-12, -13, -26]')
life time:1,black_wins:30,white_wins:33,total_win:30,history_black_win:2,history_white_win:4,ties:6
[[-32, -51, 11, 50, 50, 11, -51, -32], [-51, -48, 42, 33, 33, 42, -48, -51], [11, 42, 59, 0, 0, 59, 42, 11], [50, 33, 0, -37, -37, 0, 33, 50], [50, 33, 0, -37, -37, 0, 33, 50], [11, 42, 59, 0, 0, 59, 42, 11], [-51, -48, 42, 33, 33, 42, -48, -51], [-32, -51, 11, 50, 50, 11, -51, -32]]
[[34, -31, -25, -25, -25, -25, -31, 34], [-31, 16, 34, 63, 63, 34, 16, -31], [-25, 34, 33, -37, -37, 33, 34, -25], [-25, 63, -37, -14, -14, -37, 63, -25], [-25, 63, -37, -14, -14, -37, 63, -25], [-25, 34, 33, -37, -37, 33, 34, -25], [-31, 16, 34, 63, 63, 34, 16, -31], [34, -31, -25, -25, -25, -25, -31, 34]]
[[-16, 51, 19, -26, -26, 19, 51, -16], [51, 34, 8, 35, 35, 8, 34, 51], [19, 8, -48, 62, 62, -48, 8, 19], [-26, 35, 62, 6, 6, 62, 35, -26], [-26, 35, 62, 6, 6, 62, 35, -26], [19, 8, -48, 62, 62, -48, 8, 19], [51, 34, 8, 35, 35, 8, 34, 51], [-16, 51, 19, -26, -26, 19, 51, -16]]
[[-45, 60, 57, -63, -63, 57, 60, -45], [60, 47, 52, 6, 6, 52, 47, 60], [57, 52, 2, 60, 60, 2, 52, 57], [-63, 6, 60, -10, -10, 60, 6, -63], [-63, 6, 60, -10, -10, 60, 6, -63], [57, 52, 2, 60, 60, 2, 52, 57], [60, 47, 52, 6, 6, 52, 47, 60], [-45, 60, 57, -63, -63, 57, 60, -45]]
('1', '[237, 237, 243]', '[14, -47, -53]', '[-28, -63, -43]')
life time:6,black_wins:31,white_wins:30,total_win:30,history_black_win:2,history_white_win:3,ties:6
[[48, -58, 59, 47, 47, 59, -58, 48], [-58, 3, 54, 47, 47, 54, 3, -58], [59, 54, 12, -22, -22, 12, 54, 59], [47, 47, -22, -38, -38, -22, 47, 47], [47, 47, -22, -38, -38, -22, 47, 47], [59, 54, 12, -22, -22, 12, 54, 59], [-58, 3, 54, 47, 47, 54, 3, -58], [48, -58, 59, 47, 47, 59, -58, 48]]
[[49, 46, 37, -64, -64, 37, 46, 49], [46, -28, 17, 49, 49, 17, -28, 46], [37, 17, 21, -55, -55, 21, 17, 37], [-64, 49, -55, -13, -13, -55, 49, -64], [-64, 49, -55, -13, -13, -55, 49, -64], [37, 17, 21, -55, -55, 21, 17, 37], [46, -28, 17, 49, 49, 17, -28, 46], [49, 46, 37, -64, -64, 37, 46, 49]]
[[17, 16, -1, 35, 35, -1, 16, 17], [16, 14, -35, -17, -17, -35, 14, 16], [-1, -35, 39, 29, 29, 39, -35, -1], [35, -17, 29, -52, -52, 29, -17, 35], [35, -17, 29, -52, -52, 29, -17, 35], [-1, -35, 39, 29, 29, 39, -35, -1], [16, 14, -35, -17, -17, -35, 14, 16], [17, 16, -1, 35, 35, -1, 16, 17]]
[[55, 37, 10, 41, 41, 10, 37, 55], [37, -45, -4, -48, -48, -4, -45, 37], [10, -4, 31, 3, 3, 31, -4, 10], [41, -48, 3, 4, 4, 3, -48, 41], [41, -48, 3, 4, 4, 3, -48, 41], [10, -4, 31, 3, 3, 31, -4, 10], [37, -45, -4, -48, -48, -4, -45, 37], [55, 37, 10, 41, 41, 10, 37, 55]]
('1', '[93, 186, 237]', '[-42, -61, -55]', '[-20, -17, -61]')
life time:1,black_wins:31,white_wins:30,total_win:30,history_black_win:3,history_white_win:3,ties:5
[[56, 30, 29, 35, 35, 29, 30, 56], [30, 33, 51, 46, 46, 51, 33, 30], [29, 51, 19, -54, -54, 19, 51, 29], [35, 46, -54, -37, -37, -54, 46, 35], [35, 46, -54, -37, -37, -54, 46, 35], [29, 51, 19, -54, -54, 19, 51, 29], [30, 33, 51, 46, 46, 51, 33, 30], [56, 30, 29, 35, 35, 29, 30, 56]]
[[32, -19, -9, 46, 46, -9, -19, 32], [-19, -26, -13, 57, 57, -13, -26, -19], [-9, -13, 13, -33, -33, 13, -13, -9], [46, 57, -33, -10, -10, -33, 57, 46], [46, 57, -33, -10, -10, -33, 57, 46], [-9, -13, 13, -33, -33, 13, -13, -9], [-19, -26, -13, 57, 57, -13, -26, -19], [32, -19, -9, 46, 46, -9, -19, 32]]
[[59, 22, 61, 42, 42, 61, 22, 59], [22, 56, 30, -54, -54, 30, 56, 22], [61, 30, 52, 29, 29, 52, 30, 61], [42, -54, 29, -20, -20, 29, -54, 42], [42, -54, 29, -20, -20, 29, -54, 42], [61, 30, 52, 29, 29, 52, 30, 61], [22, 56, 30, -54, -54, 30, 56, 22], [59, 22, 61, 42, 42, 61, 22, 59]]
[[63, 62, 28, 61, 61, 28, 62, 63], [62, -45, -7, 29, 29, -7, -45, 62], [28, -7, 31, 38, 38, 31, -7, 28], [61, 29, 38, -60, -60, 38, 29, 61], [61, 29, 38, -60, -60, 38, 29, 61], [28, -7, 31, 38, 38, 31, -7, 28], [62, -45, -7, 29, 29, -7, -45, 62], [63, 62, 28, 61, 61, 28, 62, 63]]
('1', '[93, 198, 201]', '[-18, -59, -21]', '[-44, -37, -50]')
life time:14,black_wins:39,white_wins:30,total_win:30,history_black_win:5,history_white_win:1,ties:1
[[-8, -2, 43, 55, 55, 43, -2, -8], [-2, 8, 63, 43, 43, 63, 8, -2], [43, 63, 23, -34, -34, 23, 63, 43], [55, 43, -34, -39, -39, -34, 43, 55], [55, 43, -34, -39, -39, -34, 43, 55], [43, 63, 23, -34, -34, 23, 63, 43], [-2, 8, 63, 43, 43, 63, 8, -2], [-8, -2, 43, 55, 55, 43, -2, -8]]
[[51, -42, 47, 55, 55, 47, -42, 51], [-42, 51, -14, 49, 49, -14, 51, -42], [47, -14, 15, -49, -49, 15, -14, 47], [55, 49, -49, -9, -9, -49, 49, 55], [55, 49, -49, -9, -9, -49, 49, 55], [47, -14, 15, -49, -49, 15, -14, 47], [-42, 51, -14, 49, 49, -14, 51, -42], [51, -42, 47, 55, 55, 47, -42, 51]]
[[-5, -12, 6, -8, -8, 6, -12, -5], [-12, -29, -4, 23, 23, -4, -29, -12], [6, -4, 16, 24, 24, 16, -4, 6], [-8, 23, 24, 4, 4, 24, 23, -8], [-8, 23, 24, 4, 4, 24, 23, -8], [6, -4, 16, 24, 24, 16, -4, 6], [-12, -29, -4, 23, 23, -4, -29, -12], [-5, -12, 6, -8, -8, 6, -12, -5]]
[[-57, 58, 60, 33, 33, 60, 58, -57], [58, -23, -7, 13, 13, -7, -23, 58], [60, -7, 10, 34, 34, 10, -7, 60], [33, 13, 34, 52, 52, 34, 13, 33], [33, 13, 34, 52, 52, 34, 13, 33], [60, -7, 10, 34, 34, 10, -7, 60], [58, -23, -7, 13, 13, -7, -23, 58], [-57, 58, 60, 33, 33, 60, 58, -57]]
('1', '[196, 243, 239]', '[10, -16, -29]', '[-28, -5, -43]')
life time:0,black_wins:29,white_wins:30,total_win:29,history_black_win:4,history_white_win:1,ties:9
[[56, -60, 15, 39, 39, 15, -60, 56], [-60, 0, 58, 46, 46, 58, 0, -60], [15, 58, 15, -6, -6, 15, 58, 15], [39, 46, -6, -6, -6, -6, 46, 39], [39, 46, -6, -6, -6, -6, 46, 39], [15, 58, 15, -6, -6, 15, 58, 15], [-60, 0, 58, 46, 46, 58, 0, -60], [56, -60, 15, 39, 39, 15, -60, 56]]
[[1, -41, 45, 47, 47, 45, -41, 1], [-41, -26, 18, 56, 56, 18, -26, -41], [45, 18, 59, -37, -37, 59, 18, 45], [47, 56, -37, 55, 55, -37, 56, 47], [47, 56, -37, 55, 55, -37, 56, 47], [45, 18, 59, -37, -37, 59, 18, 45], [-41, -26, 18, 56, 56, 18, -26, -41], [1, -41, 45, 47, 47, 45, -41, 1]]
[[43, -9, 6, 41, 41, 6, -9, 43], [-9, 57, -2, 17, 17, -2, 57, -9], [6, -2, -16, 61, 61, -16, -2, 6], [41, 17, 61, 0, 0, 61, 17, 41], [41, 17, 61, 0, 0, 61, 17, 41], [6, -2, -16, 61, 61, -16, -2, 6], [-9, 57, -2, 17, 17, -2, 57, -9], [43, -9, 6, 41, 41, 6, -9, 43]]
[[-57, 63, 12, 1, 1, 12, 63, -57], [63, -10, -16, 30, 30, -16, -10, 63], [12, -16, 11, 55, 55, 11, -16, 12], [1, 30, 55, -18, -18, 55, 30, 1], [1, 30, 55, -18, -18, 55, 30, 1], [12, -16, 11, 55, 55, 11, -16, 12], [63, -10, -16, 30, 30, -16, -10, 63], [-57, 63, 12, 1, 1, 12, 63, -57]]
('1', '[221, 251, 222]', '[11, -59, -61]', '[-29, -13, -43]')
life time:0,black_wins:36,white_wins:29,total_win:29,history_black_win:4,history_white_win:4,ties:8
[[42, 40, 25, 19, 19, 25, 40, 42], [40, 16, 62, 52, 52, 62, 16, 40], [25, 62, 11, -50, -50, 11, 62, 25], [19, 52, -50, -39, -39, -50, 52, 19], [19, 52, -50, -39, -39, -50, 52, 19], [25, 62, 11, -50, -50, 11, 62, 25], [40, 16, 62, 52, 52, 62, 16, 40], [42, 40, 25, 19, 19, 25, 40, 42]]
[[49, -20, 63, 33, 33, 63, -20, 49], [-20, 39, -14, 49, 49, -14, 39, -20], [63, -14, 59, -37, -37, 59, -14, 63], [33, 49, -37, 54, 54, -37, 49, 33], [33, 49, -37, 54, 54, -37, 49, 33], [63, -14, 59, -37, -37, 59, -14, 63], [-20, 39, -14, 49, 49, -14, 39, -20], [49, -20, 63, 33, 33, 63, -20, 49]]
[[49, 30, 22, -22, -22, 22, 30, 49], [30, 41, -46, 36, 36, -46, 41, 30], [22, -46, 40, 26, 26, 40, -46, 22], [-22, 36, 26, 14, 14, 26, 36, -22], [-22, 36, 26, 14, 14, 26, 36, -22], [22, -46, 40, 26, 26, 40, -46, 22], [30, 41, -46, 36, 36, -46, 41, 30], [49, 30, 22, -22, -22, 22, 30, 49]]
[[-49, 58, 12, 49, 49, 12, 58, -49], [58, -43, -8, 32, 32, -8, -43, 58], [12, -8, 6, -10, -10, 6, -8, 12], [49, 32, -10, -64, -64, -10, 32, 49], [49, 32, -10, -64, -64, -10, 32, 49], [12, -8, 6, -10, -10, 6, -8, 12], [58, -43, -8, 32, 32, -8, -43, 58], [-49, 58, 12, 49, 49, 12, 58, -49]]
('1', '[244, 244, 201]', '[-37, -24, -21]', '[-12, -55, -27]')
life time:3,black_wins:32,white_wins:29,total_win:29,history_black_win:3,history_white_win:3,ties:7
[[37, -60, 15, 53, 53, 15, -60, 37], [-60, 16, 58, 47, 47, 58, 16, -60], [15, 58, 11, -14, -14, 11, 58, 15], [53, 47, -14, -6, -6, -14, 47, 53], [53, 47, -14, -6, -6, -14, 47, 53], [15, 58, 11, -14, -14, 11, 58, 15], [-60, 16, 58, 47, 47, 58, 16, -60], [37, -60, 15, 53, 53, 15, -60, 37]]
[[0, -42, 45, 38, 38, 45, -42, 0], [-42, 38, -46, 28, 28, -46, 38, -42], [45, -46, 27, -33, -33, 27, -46, 45], [38, 28, -33, -13, -13, -33, 28, 38], [38, 28, -33, -13, -13, -33, 28, 38], [45, -46, 27, -33, -33, 27, -46, 45], [-42, 38, -46, 28, 28, -46, 38, -42], [0, -42, 45, 38, 38, 45, -42, 0]]
[[-21, 59, -58, -1, -1, -58, 59, -21], [59, 43, -4, 49, 49, -4, 43, 59], [-58, -4, -16, 44, 44, -16, -4, -58], [-1, 49, 44, 0, 0, 44, 49, -1], [-1, 49, 44, 0, 0, 44, 49, -1], [-58, -4, -16, 44, 44, -16, -4, -58], [59, 43, -4, 49, 49, -4, 43, 59], [-21, 59, -58, -1, -1, -58, 59, -21]]
[[13, 47, 28, 45, 45, 28, 47, 13], [47, -10, -15, 28, 28, -15, -10, 47], [28, -15, 46, 39, 39, 46, -15, 28], [45, 28, 39, -2, -2, 39, 28, 45], [45, 28, 39, -2, -2, 39, 28, 45], [28, -15, 46, 39, 39, 46, -15, 28], [47, -10, -15, 28, 28, -15, -10, 47], [13, 47, 28, 45, 45, 28, 47, 13]]
('1', '[253, 191, 158]', '[31, -59, -21]', '[-29, -41, -105]')
life time:3,black_wins:33,white_wins:29,total_win:29,history_black_win:2,history_white_win:1,ties:5
[[49, -28, 15, 55, 55, 15, -28, 49], [-28, -47, 20, -25, -25, 20, -47, -28], [15, 20, 22, -61, -61, 22, 20, 15], [55, -25, -61, -62, -62, -61, -25, 55], [55, -25, -61, -62, -62, -61, -25, 55], [15, 20, 22, -61, -61, 22, 20, 15], [-28, -47, 20, -25, -25, 20, -47, -28], [49, -28, 15, 55, 55, 15, -28, 49]]
[[-23, -62, 13, 53, 53, 13, -62, -23], [-62, 20, 36, 45, 45, 36, 20, -62], [13, 36, 45, 57, 57, 45, 36, 13], [53, 45, 57, 48, 48, 57, 45, 53], [53, 45, 57, 48, 48, 57, 45, 53], [13, 36, 45, 57, 57, 45, 36, 13], [-62, 20, 36, 45, 45, 36, 20, -62], [-23, -62, 13, 53, 53, 13, -62, -23]]
[[7, 62, -1, 22, 22, -1, 62, 7], [62, 14, -4, 15, 15, -4, 14, 62], [-1, -4, 0, -42, -42, 0, -4, -1], [22, 15, -42, -51, -51, -42, 15, 22], [22, 15, -42, -51, -51, -42, 15, 22], [-1, -4, 0, -42, -42, 0, -4, -1], [62, 14, -4, 15, 15, -4, 14, 62], [7, 62, -1, 22, 22, -1, 62, 7]]
[[-14, 15, 19, 57, 57, 19, 15, -14], [15, -13, -14, -46, -46, -14, -13, 15], [19, -14, 30, -58, -58, 30, -14, 19], [57, -46, -58, 5, 5, -58, -46, 57], [57, -46, -58, 5, 5, -58, -46, 57], [19, -14, 30, -58, -58, 30, -14, 19], [15, -13, -14, -46, -46, -14, -13, 15], [-14, 15, 19, 57, 57, 19, 15, -14]]
('1', '[205, 247, 222]', '[-44, -56, -49]', '[-12, -100, -24]')
life time:1,black_wins:29,white_wins:29,total_win:29,history_black_win:2,history_white_win:4,ties:2
[[-32, -18, -51, 61, 61, -51, -18, -32], [-18, 35, 50, 46, 46, 50, 35, -18], [-51, 50, 19, -8, -8, 19, 50, -51], [61, 46, -8, -35, -35, -8, 46, 61], [61, 46, -8, -35, -35, -8, 46, 61], [-51, 50, 19, -8, -8, 19, 50, -51], [-18, 35, 50, 46, 46, 50, 35, -18], [-32, -18, -51, 61, 61, -51, -18, -32]]
[[22, -35, 47, 39, 39, 47, -35, 22], [-35, 29, -37, 17, 17, -37, 29, -35], [47, -37, 13, 33, 33, 13, -37, 47], [39, 17, 33, -2, -2, 33, 17, 39], [39, 17, 33, -2, -2, 33, 17, 39], [47, -37, 13, 33, 33, 13, -37, 47], [-35, 29, -37, 17, 17, -37, 29, -35], [22, -35, 47, 39, 39, 47, -35, 22]]
[[51, -1, 62, -9, -9, 62, -1, 51], [-1, 22, -8, 14, 14, -8, 22, -1], [62, -8, 5, 48, 48, 5, -8, 62], [-9, 14, 48, 12, 12, 48, 14, -9], [-9, 14, 48, 12, 12, 48, 14, -9], [62, -8, 5, 48, 48, 5, -8, 62], [-1, 22, -8, 14, 14, -8, 22, -1], [51, -1, 62, -9, -9, 62, -1, 51]]
[[48, 59, 58, 49, 49, 58, 59, 48], [59, 23, -19, 39, 39, -19, 23, 59], [58, -19, -5, -64, -64, -5, -19, 58], [49, 39, -64, -52, -52, -64, 39, 49], [49, 39, -64, -52, -52, -64, 39, 49], [58, -19, -5, -64, -64, -5, -19, 58], [59, 23, -19, 39, 39, -19, 23, 59], [48, 59, 58, 49, 49, 58, 59, 48]]
('1', '[244, 229, 215]', '[-32, -40, -44]', '[-94, -45, -98]')
life time:1,black_wins:28,white_wins:29,total_win:28,history_black_win:4,history_white_win:3,ties:6
[[18, -35, 39, -7, -7, 39, -35, 18], [-35, -64, 44, -26, -26, 44, -64, -35], [39, 44, 31, -54, -54, 31, 44, 39], [-7, -26, -54, -55, -55, -54, -26, -7], [-7, -26, -54, -55, -55, -54, -26, -7], [39, 44, 31, -54, -54, 31, 44, 39], [-35, -64, 44, -26, -26, 44, -64, -35], [18, -35, 39, -7, -7, 39, -35, 18]]
[[34, -27, 36, 38, 38, 36, -27, 34], [-27, 20, 50, 25, 25, 50, 20, -27], [36, 50, 47, -38, -38, 47, 50, 36], [38, 25, -38, -11, -11, -38, 25, 38], [38, 25, -38, -11, -11, -38, 25, 38], [36, 50, 47, -38, -38, 47, 50, 36], [-27, 20, 50, 25, 25, 50, 20, -27], [34, -27, 36, 38, 38, 36, -27, 34]]
[[56, 63, 22, -29, -29, 22, 63, 56], [63, 43, -55, 39, 39, -55, 43, 63], [22, -55, 16, 29, 29, 16, -55, 22], [-29, 39, 29, 52, 52, 29, 39, -29], [-29, 39, 29, 52, 52, 29, 39, -29], [22, -55, 16, 29, 29, 16, -55, 22], [63, 43, -55, 39, 39, -55, 43, 63], [56, 63, 22, -29, -29, 22, 63, 56]]
[[-59, 59, 24, 32, 32, 24, 59, -59], [59, -38, -16, 23, 23, -16, -38, 59], [24, -16, 11, 58, 58, 11, -16, 24], [32, 23, 58, 52, 52, 58, 23, 32], [32, 23, 58, 52, 52, 58, 23, 32], [24, -16, 11, 58, 58, 11, -16, 24], [59, -38, -16, 23, 23, -16, -38, 59], [-59, 59, 24, 32, 32, 24, 59, -59]]
('1', '[237, 237, 249]', '[-51, -23, -53]', '[-24, -127, -43]')
life time:9,black_wins:28,white_wins:33,total_win:28,history_black_win:3,history_white_win:2,ties:4
[[58, -50, 44, 51, 51, 44, -50, 58], [-50, 32, 62, 46, 46, 62, 32, -50], [44, 62, 17, -54, -54, 17, 62, 44], [51, 46, -54, -37, -37, -54, 46, 51], [51, 46, -54, -37, -37, -54, 46, 51], [44, 62, 17, -54, -54, 17, 62, 44], [-50, 32, 62, 46, 46, 62, 32, -50], [58, -50, 44, 51, 51, 44, -50, 58]]
[[32, -58, -13, 55, 55, -13, -58, 32], [-58, -13, -45, 53, 53, -45, -13, -58], [-13, -45, 61, -61, -61, 61, -45, -13], [55, 53, -61, -42, -42, -61, 53, 55], [55, 53, -61, -42, -42, -61, 53, 55], [-13, -45, 61, -61, -61, 61, -45, -13], [-58, -13, -45, 53, 53, -45, -13, -58], [32, -58, -13, 55, 55, -13, -58, 32]]
[[51, 60, -2, 34, 34, -2, 60, 51], [60, 29, -56, -45, -45, -56, 29, 60], [-2, -56, -32, 29, 29, -32, -56, -2], [34, -45, 29, 29, 29, 29, -45, 34], [34, -45, 29, 29, 29, 29, -45, 34], [-2, -56, -32, 29, 29, -32, -56, -2], [60, 29, -56, -45, -45, -56, 29, 60], [51, 60, -2, 34, 34, -2, 60, 51]]
[[43, 23, 24, 19, 19, 24, 23, 43], [23, -9, -56, -56, -56, -56, -9, 23], [24, -56, -39, 6, 6, -39, -56, 24], [19, -56, 6, 20, 20, 6, -56, 19], [19, -56, 6, 20, 20, 6, -56, 19], [24, -56, -39, 6, 6, -39, -56, 24], [23, -9, -56, -56, -56, -56, -9, 23], [43, 23, 24, 19, 19, 24, 23, 43]]
('1', '[245, 225, 221]', '[-5, -47, -29]', '[-36, -20, -59]')
life time:1,black_wins:28,white_wins:28,total_win:28,history_black_win:4,history_white_win:2,ties:4
[[-8, -18, 47, 55, 55, 47, -18, -8], [-18, 0, 62, 46, 46, 62, 0, -18], [47, 62, 15, -38, -38, 15, 62, 47], [55, 46, -38, -33, -33, -38, 46, 55], [55, 46, -38, -33, -33, -38, 46, 55], [47, 62, 15, -38, -38, 15, 62, 47], [-18, 0, 62, 46, 46, 62, 0, -18], [-8, -18, 47, 55, 55, 47, -18, -8]]
[[49, -41, 53, 55, 55, 53, -41, 49], [-41, -27, -46, 57, 57, -46, -27, -41], [53, -46, 43, -53, -53, 43, -46, 53], [55, 57, -53, -14, -14, -53, 57, 55], [55, 57, -53, -14, -14, -53, 57, 55], [53, -46, 43, -53, -53, 43, -46, 53], [-41, -27, -46, 57, 57, -46, -27, -41], [49, -41, 53, 55, 55, 53, -41, 49]]
[[43, -4, 26, 33, 33, 26, -4, 43], [-4, -15, -20, 21, 21, -20, -15, -4], [26, -20, -8, -8, -8, -8, -20, 26], [33, 21, -8, 0, 0, -8, 21, 33], [33, 21, -8, 0, 0, -8, 21, 33], [26, -20, -8, -8, -8, -8, -20, 26], [-4, -15, -20, 21, 21, -20, -15, -4], [43, -4, 26, 33, 33, 26, -4, 43]]
[[-33, 63, 13, 1, 1, 13, 63, -33], [63, -9, -12, 30, 30, -12, -9, 63], [13, -12, -33, 23, 23, -33, -12, 13], [1, 30, 23, 30, 30, 23, 30, 1], [1, 30, 23, 30, 30, 23, 30, 1], [13, -12, -33, 23, 23, -33, -12, 13], [63, -9, -12, 30, 30, -12, -9, 63], [-33, 63, 13, 1, 1, 13, 63, -33]]
('1', '[201, 243, 207]', '[11, -15, -61]', '[-29, -14, -47]')
life time:0,black_wins:29,white_wins:28,total_win:28,history_black_win:2,history_white_win:2,ties:2
[[33, -18, -17, 53, 53, -17, -18, 33], [-18, 51, 48, 46, 46, 48, 51, -18], [-17, 48, 16, -56, -56, 16, 48, -17], [53, 46, -56, -59, -59, -56, 46, 53], [53, 46, -56, -59, -59, -56, 46, 53], [-17, 48, 16, -56, -56, 16, 48, -17], [-18, 51, 48, 46, 46, 48, 51, -18], [33, -18, -17, 53, 53, -17, -18, 33]]
[[20, -35, -51, 53, 53, -51, -35, 20], [-35, 28, 48, 49, 49, 48, 28, -35], [-51, 48, 13, -23, -23, 13, 48, -51], [53, 49, -23, 46, 46, -23, 49, 53], [53, 49, -23, 46, 46, -23, 49, 53], [-51, 48, 13, -23, -23, 13, 48, -51], [-35, 28, 48, 49, 49, 48, 28, -35], [20, -35, -51, 53, 53, -51, -35, 20]]
[[7, -33, 62, 54, 54, 62, -33, 7], [-33, 23, -4, 46, 46, -4, 23, -33], [62, -4, -64, 18, 18, -64, -4, 62], [54, 46, 18, -50, -50, 18, 46, 54], [54, 46, 18, -50, -50, 18, 46, 54], [62, -4, -64, 18, 18, -64, -4, 62], [-33, 23, -4, 46, 46, -4, 23, -33], [7, -33, 62, 54, 54, 62, -33, 7]]
[[-14, 59, 27, 49, 49, 27, 59, -14], [59, 31, -23, -53, -53, -23, 31, 59], [27, -23, 58, 4, 4, 58, -23, 27], [49, -53, 4, -52, -52, 4, -53, 49], [49, -53, 4, -52, -52, 4, -53, 49], [27, -23, 58, 4, 4, 58, -23, 27], [59, 31, -23, -53, -53, -23, 31, 59], [-14, 59, 27, 49, 49, 27, 59, -14]]
('1', '[220, 229, 199]', '[-27, -8, -17]', '[-90, -45, -66]')
life time:0,black_wins:27,white_wins:32,total_win:27,history_black_win:3,history_white_win:1,ties:8
[[-18, 5, 13, 39, 39, 13, 5, -18], [5, -62, 58, 56, 56, 58, -62, 5], [13, 58, 37, -39, -39, 37, 58, 13], [39, 56, -39, -51, -51, -39, 56, 39], [39, 56, -39, -51, -51, -39, 56, 39], [13, 58, 37, -39, -39, 37, 58, 13], [5, -62, 58, 56, 56, 58, -62, 5], [-18, 5, 13, 39, 39, 13, 5, -18]]
[[-12, -2, 53, -9, -9, 53, -2, -12], [-2, 18, -38, 53, 53, -38, 18, -2], [53, -38, 23, -41, -41, 23, -38, 53], [-9, 53, -41, -8, -8, -41, 53, -9], [-9, 53, -41, -8, -8, -41, 53, -9], [53, -38, 23, -41, -41, 23, -38, 53], [-2, 18, -38, 53, 53, -38, 18, -2], [-12, -2, 53, -9, -9, 53, -2, -12]]
[[55, 54, 4, -9, -9, 4, 54, 55], [54, -63, -4, 5, 5, -4, -63, 54], [4, -4, 8, 10, 10, 8, -4, 4], [-9, 5, 10, -62, -62, 10, 5, -9], [-9, 5, 10, -62, -62, 10, 5, -9], [4, -4, 8, 10, 10, 8, -4, 4], [54, -63, -4, 5, 5, -4, -63, 54], [55, 54, 4, -9, -9, 4, 54, 55]]
[[-27, 47, 10, 24, 24, 10, 47, -27], [47, -40, -31, -21, -21, -31, -40, 47], [10, -31, 26, 14, 14, 26, -31, 10], [24, -21, 14, 22, 22, 14, -21, 24], [24, -21, 14, 22, 22, 14, -21, 24], [10, -31, 26, 14, 14, 26, -31, 10], [47, -40, -31, -21, -21, -31, -40, 47], [-27, 47, 10, 24, 24, 10, 47, -27]]
('1', '[220, 237, 239]', '[14, -60, -57]', '[-28, -1, -10]')
life time:0,black_wins:29,white_wins:27,total_win:27,history_black_win:2,history_white_win:1,ties:6
[[49, -28, 15, 55, 55, 15, -28, 49], [-28, -47, 20, -25, -25, 20, -47, -28], [15, 20, 6, -61, -61, 6, 20, 15], [55, -25, -61, -62, -62, -61, -25, 55], [55, -25, -61, -62, -62, -61, -25, 55], [15, 20, 6, -61, -61, 6, 20, 15], [-28, -47, 20, -25, -25, 20, -47, -28], [49, -28, 15, 55, 55, 15, -28, 49]]
[[-31, -30, 13, 61, 61, 13, -30, -31], [-30, 16, 36, 45, 45, 36, 16, -30], [13, 36, 13, 57, 57, 13, 36, 13], [61, 45, 57, 48, 48, 57, 45, 61], [61, 45, 57, 48, 48, 57, 45, 61], [13, 36, 13, 57, 57, 13, 36, 13], [-30, 16, 36, 45, 45, 36, 16, -30], [-31, -30, 13, 61, 61, 13, -30, -31]]
[[7, -2, -1, 22, 22, -1, -2, 7], [-2, 10, -20, 15, 15, -20, 10, -2], [-1, -20, 8, -46, -46, 8, -20, -1], [22, 15, -46, -52, -52, -46, 15, 22], [22, 15, -46, -52, -52, -46, 15, 22], [-1, -20, 8, -46, -46, 8, -20, -1], [-2, 10, -20, 15, 15, -20, 10, -2], [7, -2, -1, 22, 22, -1, -2, 7]]
[[-14, 14, 19, 57, 57, 19, 14, -14], [14, -15, -46, -46, -46, -46, -15, 14], [19, -46, 31, -58, -58, 31, -46, 19], [57, -46, -58, 5, 5, -58, -46, 57], [57, -46, -58, 5, 5, -58, -46, 57], [19, -46, 31, -58, -58, 31, -46, 19], [14, -15, -46, -46, -46, -46, -15, 14], [-14, 14, 19, 57, 57, 19, 14, -14]]
('1', '[204, 247, 214]', '[-43, -56, -49]', '[-12, -100, -24]')
life time:0,black_wins:27,white_wins:29,total_win:27,history_black_win:4,history_white_win:0,ties:6
[[-7, 14, 15, 55, 55, 15, 14, -7], [14, 32, 63, 46, 46, 63, 32, 14], [15, 63, 15, -6, -6, 15, 63, 15], [55, 46, -6, -37, -37, -6, 46, 55], [55, 46, -6, -37, -37, -6, 46, 55], [15, 63, 15, -6, -6, 15, 63, 15], [14, 32, 63, 46, 46, 63, 32, 14], [-7, 14, 15, 55, 55, 15, 14, -7]]
[[48, -13, 37, 36, 36, 37, -13, 48], [-13, -63, -42, -15, -15, -42, -63, -13], [37, -42, 43, -43, -43, 43, -42, 37], [36, -15, -43, -14, -14, -43, -15, 36], [36, -15, -43, -14, -14, -43, -15, 36], [37, -42, 43, -43, -43, 43, -42, 37], [-13, -63, -42, -15, -15, -42, -63, -13], [48, -13, 37, 36, 36, 37, -13, 48]]
[[59, 46, 22, 34, 34, 22, 46, 59], [46, 25, -2, 5, 5, -2, 25, 46], [22, -2, -40, -40, -40, -40, -2, 22], [34, 5, -40, 40, 40, -40, 5, 34], [34, 5, -40, 40, 40, -40, 5, 34], [22, -2, -40, -40, -40, -40, -2, 22], [46, 25, -2, 5, 5, -2, 25, 46], [59, 46, 22, 34, 34, 22, 46, 59]]
[[-49, 63, 1, 49, 49, 1, 63, -49], [63, 51, -28, 14, 14, -28, 51, 63], [1, -28, -58, 22, 22, -58, -28, 1], [49, 14, 22, 26, 26, 22, 14, 49], [49, 14, 22, 26, 26, 22, 14, 49], [1, -28, -58, 22, 22, -58, -28, 1], [63, 51, -28, 14, 14, -28, 51, 63], [-49, 63, 1, 49, 49, 1, 63, -49]]
('1', '[200, 255, 223]', '[10, -28, -49]', '[-20, -76, -6]')
life time:0,black_wins:27,white_wins:27,total_win:27,history_black_win:2,history_white_win:1,ties:3
[[-8, 6, 44, 51, 51, 44, 6, -8], [6, 34, 46, 46, 46, 46, 34, 6], [44, 46, 22, -54, -54, 22, 46, 44], [51, 46, -54, -37, -37, -54, 46, 51], [51, 46, -54, -37, -37, -54, 46, 51], [44, 46, 22, -54, -54, 22, 46, 44], [6, 34, 46, 46, 46, 46, 34, 6], [-8, 6, 44, 51, 51, 44, 6, -8]]
[[48, -42, -13, 39, 39, -13, -42, 48], [-42, -9, -45, 53, 53, -45, -9, -42], [-13, -45, 61, -61, -61, 61, -45, -13], [39, 53, -61, -10, -10, -61, 53, 39], [39, 53, -61, -10, -10, -61, 53, 39], [-13, -45, 61, -61, -61, 61, -45, -13], [-42, -9, -45, 53, 53, -45, -9, -42], [48, -42, -13, 39, 39, -13, -42, 48]]
[[35, -8, 28, -16, -16, 28, -8, 35], [-8, 61, 56, 19, 19, 56, 61, -8], [28, 56, -8, 29, 29, -8, 56, 28], [-16, 19, 29, -35, -35, 29, 19, -16], [-16, 19, 29, -35, -35, 29, 19, -16], [28, 56, -8, 29, 29, -8, 56, 28], [-8, 61, 56, 19, 19, 56, 61, -8], [35, -8, 28, -16, -16, 28, -8, 35]]
[[47, 23, 28, 19, 19, 28, 23, 47], [23, -13, -8, -56, -56, -8, -13, 23], [28, -8, 25, 6, 6, 25, -8, 28], [19, -56, 6, 4, 4, 6, -56, 19], [19, -56, 6, 4, 4, 6, -56, 19], [28, -8, 25, 6, 6, 25, -8, 28], [23, -13, -8, -56, -56, -8, -13, 23], [47, 23, 28, 19, 19, 28, 23, 47]]
('1', '[226, 243, 223]', '[26, -16, -29]', '[-30, -28, -42]')
life time:0,black_wins:30,white_wins:27,total_win:27,history_black_win:2,history_white_win:4,ties:3
[[-16, -52, 63, 51, 51, 63, -52, -16], [-52, -32, 63, 44, 44, 63, -32, -52], [63, 63, 15, -50, -50, 15, 63, 63], [51, 44, -50, -53, -53, -50, 44, 51], [51, 44, -50, -53, -53, -50, 44, 51], [63, 63, 15, -50, -50, 15, 63, 63], [-52, -32, 63, 44, 44, 63, -32, -52], [-16, -52, 63, 51, 51, 63, -52, -16]]
[[53, -57, -33, 39, 39, -33, -57, 53], [-57, 54, -34, 25, 25, -34, 54, -57], [-33, -34, 5, 29, 29, 5, -34, -33], [39, 25, 29, -14, -14, 29, 25, 39], [39, 25, 29, -14, -14, 29, 25, 39], [-33, -34, 5, 29, 29, 5, -34, -33], [-57, 54, -34, 25, 25, -34, 54, -57], [53, -57, -33, 39, 39, -33, -57, 53]]
[[51, 62, 54, 41, 41, 54, 62, 51], [62, -15, -8, 6, 6, -8, -15, 62], [54, -8, -11, 29, 29, -11, -8, 54], [41, 6, 29, 6, 6, 29, 6, 41], [41, 6, 29, 6, 6, 29, 6, 41], [54, -8, -11, 29, 29, -11, -8, 54], [62, -15, -8, 6, 6, -8, -15, 62], [51, 62, 54, 41, 41, 54, 62, 51]]
[[-49, 62, 60, 1, 1, 60, 62, -49], [62, -47, -8, 8, 8, -8, -47, 62], [60, -8, 26, 36, 36, 26, -8, 60], [1, 8, 36, 20, 20, 36, 8, 1], [1, 8, 36, 20, 20, 36, 8, 1], [60, -8, 26, 36, 36, 26, -8, 60], [62, -47, -8, 8, 8, -8, -47, 62], [-49, 62, 60, 1, 1, 60, 62, -49]]
('1', '[192, 247, 239]', '[9, 3, -13]', '[-12, -30, -59]')
